dfrange,modindx,skew,kurt,centroid,sd,Q25,IQR,sp.ent,sfm,mode,label
0,0,12.8634618372,274.4029055021,0.059780985,0.0642412677,0.0150714886,0.0751219512,0.8933694167,0.4919177664,0,male
4.65625,0.2129885511,1.5522694403,7.2301879462,0.1427155853,0.0741635911,0.0889151874,0.117357002,0.9666848725,0.7531876416,0.0601972387,male
0,0,22.4008659516,560.1227892767,0.119976656,0.0814706484,0.0602150538,0.1324731183,0.8548782063,0.505371009,0,male
0.390625,0.0670967742,24.267692668,678.3353553309,0.1058732306,0.0897553802,0.0158083832,0.1738922156,0.9067913972,0.6125145353,0,male
6.3125,0.2919993612,1.4622974274,5.3718880545,0.1450272574,0.0802440267,0.0803977626,0.1292977004,0.9704775115,0.7874034,0.021230578,male
0,0,28.8305722004,883.5946065667,0.1241895168,0.0885956883,0.0309706546,0.1696012039,0.8352824009,0.5099764064,0,male
5.5,0.1686897383,1.6538711813,6.4542884033,0.1986936719,0.0466557601,0.162828875,0.0803371198,0.9099386461,0.1027315754,0.1648809088,male
3.8525390625,0.2849900416,3.0458234828,14.0646590903,0.1518364871,0.0616707026,0.1015,0.1019375,0.9067018679,0.480162406,0.10478125,male
4.328125,0.1971119134,1.2843848996,5.0548429852,0.1603626083,0.0785124612,0.105,0.1256028369,0.9701919366,0.7738919162,0.2171985816,male
3.421875,0.2123287671,0.8449850949,2.7001285407,0.1848482965,0.0580347993,0.1328205128,0.0969230769,0.9200484672,0.45282271,0.2153846154,male
5.8984375,0.1247976453,1.2772242244,4.1278320801,0.2126198169,0.0498330124,0.1639210347,0.0924438393,0.9067825567,0.1808128114,0.2384479238,male
4.6640625,0.2027706098,2.3558830378,10.9891046294,0.1715247814,0.0666523591,0.1045622394,0.1142346635,0.9375553774,0.5697487416,0.1797736748,male
0.546875,0.2110599078,3.3865369232,19.0107050069,0.169736247,0.059058745,0.1187765957,0.1018351064,0.8921213332,0.3362947515,0,male
6.1171875,0.277100507,2.3033769826,8.2588781667,0.1514627136,0.0675620608,0.1050851582,0.0921411192,0.932010014,0.5941626612,0.18513382,male
0.9423828125,0.7284974093,3.5483234522,18.1834053273,0.1542920825,0.0593072363,0.0990353698,0.101511254,0.8923885265,0.4265897874,0.101511254,male
6.4296875,0.1009518023,1.2995966111,4.7531021291,0.1654546262,0.0575182812,0.1100732064,0.0973645681,0.9383874492,0.4758696866,0.0912152269,male
3.75,0.2152777778,1.5956475679,5.7027966931,0.1618590394,0.0638076533,0.1100331345,0.1066931743,0.9470755376,0.6317592236,0.0940755467,male
5.6484375,0.1107488639,1.9128087048,6.8347700023,0.1782543362,0.0537523476,0.1172529313,0.1017755444,0.8916912788,0.2968625529,0.1899497487,male
5.296875,0.1442710759,1.710739352,5.7700980037,0.1834646589,0.0743383229,0.1292659054,0.1246982055,0.9451241507,0.6308126616,0.2662969005,male
5.578125,0.0903361345,1.2707246949,3.8964058539,0.1978850718,0.0594833666,0.1380821918,0.1145205479,0.8906496061,0.2651439796,0.138630137,male
9.2109375,0.1248574186,1.5789448656,5.902026637,0.1805286669,0.0619156044,0.1312718204,0.093915212,0.9347653036,0.5389000778,0.1895760599,male
6.234375,0.1598850066,2.0552265857,8.8985829068,0.1880540977,0.0608332355,0.1319594595,0.1177702703,0.9193177898,0.4086950345,0.2577702703,male
4.1953125,0.1906603638,1.4386201541,5.002658792,0.1983081145,0.0604827126,0.1374290484,0.11639399,0.9036954053,0.3216220176,0.2552253756,male
8.53125,0.1100241222,2.532136883,11.2256692108,0.1856886151,0.0655894174,0.1372128637,0.1136294028,0.9054410031,0.4591329428,0.28,male
1.6875,0.1444444444,2.5870194574,12.2381224549,0.198218184,0.0603694533,0.1378056426,0.1202507837,0.8574481208,0.2177830123,0.2584952978,male
4.1015625,0.2,1.3009446166,4.031301579,0.1740766413,0.0559882854,0.1233285509,0.0984218077,0.9215621606,0.448641507,0.227374462,male
5.0859375,0.0721135882,1.462948054,4.5249949114,0.184000023,0.057015618,0.1202094241,0.1035951134,0.8943547135,0.2958747005,0.2086561955,male
7.078125,0.1436763043,2.9997981474,14.4040629266,0.2068424413,0.0625126069,0.1426582278,0.1262658228,0.8596898342,0.2384675089,0.2773417722,male
8.8125,0.1048734905,1.3860839204,4.0216901236,0.2027787099,0.0613358387,0.1388727858,0.1226409018,0.8954368198,0.2994091473,0.273236715,male
3.5625,0.1585996241,1.1105954386,4.0771643043,0.1791784431,0.0623233798,0.1268032787,0.0986885246,0.9401030973,0.5680201627,0.21,male
0.609375,0.3296703297,1.3492974276,4.4318080984,0.165355154,0.0678403115,0.1040901213,0.1125823224,0.9520735962,0.6706017305,0.099237435,male
0.7373046875,0.5559602649,3.1705438653,15.7252383805,0.1556354951,0.059006132,0.1072601881,0.1063824451,0.8974254054,0.3906704583,0.1088401254,male
3.9609375,0.2931811778,1.6333767127,5.673614363,0.1608838397,0.088124139,0.0606820682,0.1697249725,0.9356531896,0.5690325226,0.2322552255,female
0.7265625,0.5059737157,1.3072999734,4.809447521,0.1162126959,0.0851953075,0.0400381316,0.1524118208,0.966362781,0.7634356777,0.0344327931,female
0.625,0.30375,2.5560968117,12.0862121225,0.183064351,0.0791043921,0.1757798165,0.0568807339,0.910705373,0.4779034996,0.0502752294,female
5.4921875,0.1122807018,2.8084923613,11.22937027,0.1757908867,0.037900528,0.1622386831,0.026962963,0.8526210729,0.2806497291,0.1645432099,female
3.53125,0.0736234022,3.7700097572,19.5256802112,0.1783073659,0.0374302288,0.1656450463,0.0209550962,0.8429485803,0.2845265649,0.1736279401,female
0.640625,0.1074695122,2.0634043974,8.3602082927,0.2063353368,0.063948841,0.1868200493,0.0621199671,0.9060868701,0.4355483855,0.0501561216,female
0.7265625,0.2784380306,2.655036178,14.5411751808,0.1957395948,0.0720191894,0.18375,0.0668181818,0.9156460391,0.4718171824,0.0501136364,female
6,0.1135416667,2.6433532824,12.0409413315,0.1982030054,0.0314882147,0.1820316027,0.0362377728,0.8626818126,0.1746065803,0.1830850263,female
0.6796875,0.2873563218,2.3848511273,11.9425458737,0.1881256726,0.0824953325,0.1657192374,0.0820103986,0.9339372622,0.5928606879,0,female
4.859375,0.2716276221,3.2907663052,17.2733478341,0.1864894451,0.0437635768,0.1690188434,0.0367511371,0.8824684607,0.3316892596,0.1775698506,female
4.7734375,0.1150209129,2.1626408223,7.6315331193,0.1900742606,0.0339211333,0.1698876404,0.0433458177,0.8467090066,0.2378913599,0.1688389513,female
0.140625,0.1590909091,2.8320781469,11.1336833411,0.1892500397,0.0340727492,0.1754545455,0.03,0.8275963486,0.2336171623,0.2048484848,female
10.9453125,0.1092077088,3.5090787198,17.9937169527,0.2119021025,0.0604316469,0.1775257732,0.0851546392,0.8940245532,0.401002254,0.2623195876,female
0.421875,0.2283950617,2.0866703135,7.1951541775,0.2245719234,0.0408504152,0.201025641,0.0538461538,0.8636283688,0.1743867675,0.2007495069,female
9.9140625,0.1292714378,1.6542985458,4.9171997681,0.2192187222,0.0362964063,0.2006666667,0.0443333333,0.8523937581,0.199233849,0.2345,female
10.1484375,0.0367205543,3.2587498465,16.0176072348,0.224207222,0.0322664321,0.2122580645,0.0282258065,0.8244458601,0.1698643857,0.231827957,female
7.5,0.1206395349,1.9572807248,6.168897128,0.2119393897,0.036627576,0.1954391371,0.0383975347,0.8530330485,0.2417345617,0.2191679507,female
7.5703125,0.0881578947,2.2817851482,8.3400215921,0.210705839,0.0528425096,0.1994002999,0.0465967016,0.8689143209,0.3350461592,0.2056971514,female
9.9140625,0.0794326241,1.8422334146,6.4285531244,0.2095979769,0.0486260687,0.1932503458,0.0491839557,0.8819831412,0.3477577198,0.1978976487,female
16.640625,0.0590923318,3.017291014,12.6860970954,0.1969813921,0.0319943508,0.1844791667,0.0269791667,0.8332617515,0.2163142132,0.1844791667,female
10.0546875,0.1703574204,1.7974929691,5.2059399695,0.2295547784,0.0312966457,0.2098550725,0.0428985507,0.8199977812,0.1391478468,0.2139130435,female
3.703125,0.1254163891,3.0696592228,13.9973635602,0.1886386787,0.0304572071,0.1698601399,0.0332867133,0.8177933885,0.1492333542,0.1737762238,female
8.296875,0.1257585269,1.0019998465,2.6309779722,0.218014342,0.0458069808,0.1779609544,0.0777440347,0.8823648038,0.2570798563,0.2423427332,female
11.53125,0.0756097561,2.9464359444,11.9538275364,0.1817488938,0.031095804,0.1648484848,0.0287878788,0.8241670036,0.2011711727,0.1915151515,female
9.3046875,0.1508049502,3.2788161122,15.2322287475,0.1853283245,0.037949063,0.1663294423,0.0315953307,0.8531075362,0.2745415432,0.1772243839,female
4.265625,0.0806355806,2.0156248314,6.1090731039,0.2398201056,0.0295190223,0.2255033557,0.032885906,0.8002703436,0.1178507416,0.2236241611,female
8.6953125,0.0803525898,2.1625083481,8.2091815921,0.207049945,0.039536642,0.1833628319,0.0475752212,0.8597098723,0.23518337,0.1878230088,female
0.5078125,0.157790927,3.7806943277,30.4604944434,0.167043881,0.0661115099,0.1501283547,0.0606067678,0.928604553,0.5600752364,0,female
1.4306640625,0.4778156997,2.2265538527,8.7189071249,0.1722603769,0.0611179028,0.1435185185,0.0716666667,0.9348921962,0.5688758994,0.0587037037,female
0.7763671875,0.5028587764,2.4002449072,9.3787205649,0.2237238441,0.0522169785,0.2163636364,0.0363397129,0.8623334569,0.2748710921,0.2178708134,female
3.7646484375,0.2881372842,5.8528078837,43.3507098644,0.163728076,0.0554566531,0.1604129032,0.0281806452,0.8767197041,0.4603311851,0.1652903226,female
3.109375,0.0960685782,1.1196079559,4.1852074371,0.1375073304,0.0915208553,0.0435465116,0.1777131783,0.9677058855,0.7390079166,0.0086821705,female
